%% wl,a,d,L,w,refl,tram,absp,nr
1250.0  300.0  130.0  2000.0  96.0  0.068719  0.208182  0.722192  10.0  
1250.0  300.0  130.0  2000.0  96.0  0.065913  0.185036  0.748073  11.0  
1250.0  300.0  130.0  2000.0  96.0  0.063680  0.165332  0.769951  12.0  
1250.0  300.0  130.0  2000.0  96.0  0.061909  0.148559  0.788443  13.0  
1250.0  300.0  130.0  2000.0  96.0  0.060515  0.134283  0.804071  14.0  
1250.0  300.0  130.0  2000.0  96.0  0.059432  0.122143  0.817257  15.0  
1250.0  300.0  130.0  2000.0  96.0  0.058606  0.111801  0.828394  16.0  
1250.0  300.0  130.0  2000.0  96.0  0.057998  0.103006  0.837772  17.0  
1250.0  300.0  130.0  2000.0  96.0  0.057575  0.095533  0.845644  18.0  
1250.0  300.0  130.0  2000.0  96.0  0.057314  0.089195  0.852226  19.0  
1250.0  300.0  130.0  2000.0  96.0  0.164124  0.701885  0.134646  1.0  
1250.0  300.0  130.0  2000.0  96.0  0.057193  0.083838  0.857688  20.0  
1250.0  300.0  130.0  2000.0  96.0  0.141368  0.609208  0.249778  2.0  
1250.0  300.0  130.0  2000.0  96.0  0.123424  0.528873  0.347799  3.0  
1250.0  300.0  130.0  2000.0  96.0  0.109252  0.459426  0.431197  4.0  
1250.0  300.0  130.0  2000.0  96.0  0.098065  0.399688  0.501933  5.0  
1250.0  300.0  130.0  2000.0  96.0  0.089221  0.348464  0.561841  6.0  
1250.0  300.0  130.0  2000.0  96.0  0.082217  0.304647  0.612526  7.0  
1250.0  300.0  130.0  2000.0  96.0  0.076658  0.267236  0.655381  8.0  
1250.0  300.0  130.0  2000.0  96.0  0.072241  0.235364  0.691571  9.0  
